BVUB 75 2 1 1206 440
BVUB 61 1 1 342 928
BVUB 19 1 1 450 918
BVUB 36 1 1 251 928
BVUB 171 1 2 624 939
BVUB 56 1 1 539 929
BVUB 7 2 1 1156 448
BVUB 85 1 1 515 926
BVUB 74 1 1 218 904
BVUB 520 1 2 711 939
BVUB 37 2 1 1148 367
BVUB 300 1 1 265 923
BVUB 147 1 1 916 926
BVUB 104 1 1 199 934
BVUB 109 1 1 389 899
BVUB 345 1 1 410 903
BVUB 203 1 3 194 936
BVUB 217 1 1 530 935
BVUB 276 1 1 810 924
BVUB 275 1 1 597 920
BVUB 253 1 1 575 903
BVUB 276 2 1 1138 355
BVUB 484 1 2 289 938
BVUB 269 2 1 978 362
BVUB 258 1 1 356 923
BVUB 193 2 3 1038 309
BVUB 210 2 1 1076 408
BVUB 351 1 1 710 941
BVUB 253 1 1 716 897
BVUB 279 2 1 1182 358
BVUB 296 2 1 1088 361
BVUB 591 1 1 159 900
BVUB 237 1 1 485 932
BVUB 332 2 1 1042 361
BVUB 318 1 1 432 934
BVUB 236 1 1 743 906
BVUB 323 1 1 588 924
BVUB 226 1 1 374 907
BVUB 238 1 1 209 922
BVUB 527 1 1 231 927
BVUB 269 1 1 231 905
BVUB 324 1 1 763 926
BVUB 327 2 1 1146 362
BVUB 386 2 1 1111 356
BVUB 406 1 1 280 932
BVUB 285 1 1 440 921
BVUB 341 2 1 949 353
BVUB 400 2 1 1074 357
BVUB 553 1 1 714 938
BVUB 448 2 1 1051 350
BVUB 528 1 1 570 914
BVUB 583 1 1 623 932
BVUB 349 1 1 392 899
BVUB 421 1 1 240 925
BVUB 684 1 1 335 929
BVUB 590 1 1 801 892
BVUB 456 1 1 710 936
BVUB 577 1 1 334 903
BVUB 566 1 1 202 916
BVUB 517 2 1 1100 354
BVUB 456 1 1 174 929
BVUB 503 1 1 403 902
BVUB 567 2 1 1066 356
BVUB 545 1 1 432 919
BVUB 665 1 1 501 924
BVUB 657 1 1 155 940
BVUB 581 2 1 1018 354
BVUB 1065 1 1 302 933
BVUB 614 2 2 962 355
BVUB 823 1 1 300 899
BVUB 591 2 1 1074 357
BVUB 571 1 1 449 921
BVUB 616 1 1 398 934
BVUB 627 1 1 264 928
BVUB 654 1 1 361 907
BVUB 768 1 1 519 929
BVUB 795 1 1 422 913
BVUB 1286 1 1 358 930
BVUB 817 1 1 660 921
BVUB 840 1 1 435 916
BVUB 1079 1 1 718 860
BVUB 711 2 1 1000 357
BVUB 853 2 1 1008 357
BVUB 731 2 1 963 356
BVUB 743 2 1 980 355
BVUB 769 2 1 1009 359
BVUB 793 2 1 1084 355
BVUB 885 1 1 259 923
BVUB 793 2 1 1019 356
BVUB 835 2 1 1064 360
BVUB 816 2 1 972 353
BVUB 853 2 1 1051 355
BVUB 815 2 1 1040 444
BVUB 839 2 1 970 356
BVUB 816 1 1 480 929
BVUB 878 2 1 1095 354
BVUB 865 2 1 971 356
BVUB 1133 1 1 853 933
BVUB 901 2 1 984 354
BVUB 907 2 1 1042 354
BVUB 937 2 1 1114 402
BVUB 893 2 1 1224 363
BVUB 975 2 1 1060 354
BVUB 970 2 1 1011 354
BVUB 986 2 1 1010 346
BVUB 1004 2 1 1077 365
BVUB 1265 1 1 496 910
BVUB 1020 2 1 1049 353
BVUB 1036 2 1 1097 354
BVUB 1360 1 1 618 925
BVUB 1097 1 1 553 907
BVUB 1043 2 1 1034 358
BVUB 1060 2 1 951 349
BVUB 1294 1 1 627 924
BVUB 1065 2 1 1063 357
BVUB 1074 2 1 1148 367
BVUB 1165 1 1 230 930
BVUB 1055 2 1 1055 430
BVUB 1117 1 1 540 921
BVUB 1151 2 3 1028 320
BVUB 1144 2 1 1134 360
BVUB 1361 1 1 330 931
BVUB 1093 1 2 659 936
BVUB 1169 2 1 1133 362
BVUB 1194 2 1 1101 360
BVUB 1214 2 1 1060 353
BVUB 1540 1 1 520 920
BVUB 1235 2 1 1091 355
BVUB 1394 1 1 724 941
BVUB 1342 1 1 475 921
BVUB 1299 2 2 988 348
BVUB 1354 2 1 1111 360
BVUB 1595 1 1 392 886
BVUB 1379 1 1 471 909
BVUB 1416 1 1 492 924
BVUB 1440 1 1 492 927
BVUB 1633 1 1 458 920
BVUB 1336 2 1 1034 365
BVUB 1371 2 1 1054 354
BVUB 1351 2 1 955 353
BVUB 1508 1 1 378 918
BVUB 1527 1 1 320 917
BVUB 1354 2 1 1044 437
BVUB 1284 1 1 365 811
BVUB 1406 2 1 1003 354
BVUB 1485 1 1 394 927
BVUB 1466 1 1 491 926
BVUB 1556 1 1 352 920
BVUB 1897 1 1 510 898
BVUB 1605 1 1 288 903
BVUB 1518 1 1 500 917
BVUB 1466 2 1 1086 349
BVUB 1721 1 1 217 915
BVUB 1479 1 1 655 929
BVUB 1879 1 1 672 937
BVUB 1767 1 1 624 931
BVUB 1667 1 1 387 928
BVUB 1817 2 1 1188 358
BVUB 1704 1 1 422 920
BVUB 1712 1 1 568 918
BVUB 1718 1 1 715 914
BVUB 1977 1 1 353 920
BVUB 1780 1 1 365 919
BVUB 1991 1 1 529 922
BVUB 1755 1 1 400 887
BVUB 1792 1 1 241 901
BVUB 1789 2 1 1114 358
BVUB 1836 1 1 262 926
BVUB 1894 1 1 359 926
BVUB 1799 2 2 999 354
BVUB 1819 2 1 1144 379
BVUB 1877 1 1 228 923
BVUB 1806 2 1 1085 364
BVUB 1834 2 1 1085 362
BVUB 1822 2 1 1001 363
BVUB 1917 2 1 1121 355
BVUB 1851 2 1 1098 356
BVUB 1849 2 1 1010 357
BVUB 1939 1 1 473 931
BVUB 1897 2 4 989 348
BVUB 1927 2 1 1080 360
BVUB 1919 2 1 1039 360
BVUB 2080 1 1 472 920
BVUB 1959 2 1 1225 364
BVUB 1909 2 1 1109 440
BVUB 2045 1 1 604 933
BVUB 1968 2 1 1125 354
BVUB 1919 2 1 1009 413
BVUB 1981 2 1 1151 359
BVUB 2149 1 1 313 922
BVUB 2349 1 1 284 938
BVUB 2165 1 1 580 927
BVUB 2226 1 1 528 923
BVUB 2488 1 1 788 917
BVUB 2013 2 1 1100 354
BVUB 2011 2 4 994 320
BVUB 2011 1 1 703 937
BVUB 2055 2 1 1118 356
BVUB 2030 2 1 1081 363
BVUB 2098 1 1 646 919
BVUB 2037 2 1 1027 356
BVUB 2052 2 1 1063 383
BVUB 2085 2 1 1111 364
BVUB 2240 1 1 387 917
BVUB 2187 1 1 617 904
BVUB 2115 2 1 1135 354
BVUB 2200 1 1 439 906
BVUB 2094 2 1 1040 355
BVUB 2117 2 1 1078 355
BVUB 2096 2 1 1026 420
BVUB 2132 1 1 497 914
BVUB 2155 2 1 1124 354
BVUB 2352 2 1 1062 360
BVUB 2166 2 1 1053 356
BVUB 2165 2 1 962 348
BVUB 2341 1 1 505 929
BVUB 2182 2 1 1008 358
BVUB 2235 2 1 1091 355
BVUB 2252 1 1 530 934
BVUB 2230 2 1 1156 355
BVUB 2211 2 1 1008 353
BVUB 2203 2 1 923 353
BVUB 2389 1 1 470 931
BVUB 2245 2 1 1056 353
BVUB 2496 1 1 292 932
BVUB 2230 2 1 948 356
BVUB 2248 2 1 942 344
BVUB 2336 2 2 978 356
BVUB 2355 2 1 889 356
BVUB 2330 2 1 1085 355
BVUB 2413 2 1 953 353
BVUB 2721 1 1 316 917
BVUB 2335 2 1 1064 385
BVUB 2556 1 1 323 914
BVUB 2357 2 1 1130 354
BVUB 2650 1 1 546 924
BVUB 2382 2 1 1054 359
BVUB 2416 1 1 475 937
BVUB 2457 2 1 1129 357
BVUB 2712 1 1 745 930
BVUB 2454 1 1 422 924
BVUB 2447 2 1 1047 355
BVUB 2476 2 1 1026 355
BVUB 2683 1 1 578 940
BVUB 2546 2 1 1112 351
BVUB 2587 1 1 670 904
BVUB 2623 1 1 677 928
BVUB 2771 1 1 594 934
BVUB 2929 1 2 541 926
BVUB 2985 1 1 479 929
BVUB 2858 1 1 658 880
BVUB 2818 1 1 529 927
BVUB 2742 2 1 1093 356
BVUB 3024 1 1 548 934
BVUB 2898 1 1 723 926
BVUB 3050 1 1 305 927
BVUB 3016 1 1 287 933
BVUB 2849 1 1 498 917
BVUB 2987 1 1 283 931
BVUB 2839 2 1 1030 349
BVUB 2963 1 1 449 918
BVUB 2851 2 1 1078 347
BVUB 3077 1 1 700 919
BVUB 3077 1 1 451 935
BVUB 3031 1 1 722 929
BVUB 2904 1 1 326 929
BVUB 2897 1 1 543 900
BVUB 2911 1 1 642 927
BVUB 2914 2 1 1095 355
BVUB 2927 2 1 962 355
BVUB 2964 1 1 653 918
BVUB 2931 2 1 1076 349
BVUB 3039 1 1 479 908
BVUB 3136 1 1 520 926
BVUB 2961 2 1 1110 355
BVUB 3101 1 1 610 929
BVUB 3064 2 1 1121 353
BVUB 3013 2 1 1022 356
BVUB 3026 2 1 981 354
BVUB 3248 1 1 371 914
BVUB 3052 1 1 642 912
BVUB 3410 1 2 357 924
BVUB 3122 1 1 663 917
BVUB 3177 1 1 566 919
BVUB 3267 1 1 489 905
BVUB 3157 1 1 647 933
BVUB 3059 1 1 490 921
BVUB 3085 1 1 567 919
BVUB 3100 2 1 1079 355
BVUB 3113 1 1 454 924
BVUB 3287 2 1 1183 358
BVUB 3159 2 1 1121 355
BVUB 3239 1 1 560 919
BVUB 3195 2 1 1074 356
BVUB 3503 1 1 458 936
BVUB 3218 2 1 1078 356
BVUB 3359 1 1 482 923
BVUB 3216 2 1 1002 353
BVUB 3445 1 1 454 931
BVUB 3225 2 1 1072 420
BVUB 3259 2 1 1105 356
BVUB 3225 2 1 978 358
BVUB 3299 1 1 203 905
BVUB 3230 1 1 772 923
BVUB 3251 2 1 983 356
BVUB 3263 2 1 1047 355
BVUB 3275 2 1 980 337
BVUB 3329 2 1 1059 348
BVUB 3285 2 1 1008 353
BVUB 3286 2 1 1086 355
BVUB 3532 1 2 659 940
BVUB 3288 1 1 372 877
BVUB 3351 2 1 1105 357
BVUB 3353 2 1 1044 426
BVUB 3359 2 1 1008 356
BVUB 3526 1 1 425 929
BVUB 3394 2 1 974 349
BVUB 3289 1 1 504 894
BVUB 3458 1 1 303 914
BVUB 3385 1 1 619 932
BVUB 3404 2 1 1038 350
BVUB 3442 1 1 743 925
BVUB 3563 1 1 430 924
BVUB 3577 1 1 669 924
BVUB 3435 2 1 1063 355
BVUB 3484 2 1 1112 356
BVUB 3491 2 1 1018 352
BVUB 3555 1 1 303 929
BVUB 3538 1 1 491 920
BVUB 3511 2 1 997 354
BVUB 3536 2 1 1053 354
BVUB 3578 1 1 508 928
BVUB 3553 2 1 1096 354
BVUB 3590 2 1 1114 355
BVUB 3593 2 1 1053 359
BVUB 3599 2 1 1090 395
BVUB 3599 2 1 1006 365
BVUB 3598 2 1 956 357
BVUB 3599 2 1 1024 405
BVUB 3599 2 1 985 423